 *  SCIATRAN 2.1 (pseudo-spherical mode)
 *  Radiance (photons/s/nm/cm2/ster)
  340.0000000   0.33450160608260E+10   0.66108824029598E+11   0.31835997291442E+12   0.79744097305886E+12   0.14410114250659E+13   0.21811575754780E+13   0.29590846956197E+13   0.37295431216104E+13   0.44685127309465E+13   0.51696170501851E+13   0.58268547308487E+13   0.64426355246532E+13   0.70167311799477E+13   0.75627531005864E+13   0.80858105000341E+13   0.85766926964192E+13   0.90354829887342E+13
  345.0000000   0.34140277389826E+10   0.64827971375567E+11   0.31070352706799E+12   0.76443716278799E+12   0.13577151798269E+13   0.20258255688078E+13   0.27147550316100E+13   0.33856205003135E+13   0.40203968705824E+13   0.46168983788952E+13   0.51722037247123E+13   0.56893733801112E+13   0.61693894629446E+13   0.66256786315768E+13   0.70631404056528E+13   0.74729646613323E+13   0.78552509573722E+13
  347.0000000   0.37342638260302E+10   0.69934735445682E+11   0.33430629827970E+12   0.81701299732751E+12   0.14425397019948E+13   0.21417636853689E+13   0.28575830689288E+13   0.35500894948230E+13   0.42019036744581E+13   0.48121826537530E+13   0.53788146467275E+13   0.59053116316977E+13   0.63931495103266E+13   0.68568201560002E+13   0.73015448448879E+13   0.77178820551995E+13   0.81059391987021E+13
  350.0000000   0.40651543877450E+10   0.75174577854872E+11   0.35902330272929E+12   0.87370136225566E+12   0.15360545176855E+13   0.22707667703309E+13   0.30165175577866E+13   0.37322162035344E+13   0.44015263413896E+13   0.50254689659227E+13   0.56030832853018E+13   0.61382940645150E+13   0.66332413136719E+13   0.71038135685168E+13   0.75556104638044E+13   0.79782694125216E+13   0.83718730433477E+13
  355.0000000   0.47555264712540E+10   0.86740328103756E+11   0.41474766717371E+12   0.10082577235334E+13   0.17682513461751E+13   0.26031402044518E+13   0.34401952256955E+13   0.42341501466834E+13   0.49697323118142E+13   0.56513094288865E+13   0.62797176355604E+13   0.68597590375744E+13   0.73947976557848E+13   0.79039996811307E+13   0.83938792614523E+13   0.88518380843377E+13   0.92778739937662E+13
  360.0000000   0.43282878658648E+10   0.78009778843900E+11   0.37339817496531E+12   0.90603070207866E+12   0.15833685308093E+13   0.23195618785264E+13   0.30489862695157E+13   0.37336069122791E+13   0.43628738903191E+13   0.49432444155486E+13   0.54768769928475E+13   0.59680540564403E+13   0.64203960100118E+13   0.68517459208793E+13   0.72679162062015E+13   0.76569234691814E+13   0.80186245121039E+13
  365.0000000   0.49652025850785E+10   0.88422284656525E+11   0.42404360781666E+12   0.10283858886015E+13   0.17932043217974E+13   0.26149835335612E+13   0.34177151275631E+13   0.41613692588342E+13   0.48380229001432E+13   0.54581800612680E+13   0.60259992205988E+13   0.65465011020639E+13   0.70245593810154E+13   0.74809913788202E+13   0.79223301740740E+13   0.83344895770326E+13   0.87172372892946E+13
  370.0000000   0.56360813936101E+10   0.99350057563142E+11   0.47722190265218E+12   0.11563464889253E+13   0.20104117342193E+13   0.29171036174350E+13   0.37911490676427E+13   0.45916998351992E+13   0.53139989817456E+13   0.59728904558432E+13   0.65745212148491E+13   0.71243848351681E+13   0.76285671574738E+13   0.81110114574081E+13   0.85789155782959E+13   0.90157663077643E+13   0.94211617186342E+13
  375.0000000   0.46175037541056E+10   0.80662378819745E+11   0.38815909376358E+12   0.93982268499349E+12   0.16288401923446E+13   0.23511163216934E+13   0.30382564827233E+13   0.36606951031067E+13   0.42178540366309E+13   0.47239987226003E+13   0.51851140027184E+13   0.56054464066153E+13   0.59903397670060E+13   0.63596040043172E+13   0.67189335353478E+13   0.70543799497804E+13   0.73655005109011E+13
  380.0000000   0.53309709134072E+10   0.92347092604708E+11   0.44479077995696E+12   0.10746081805909E+13   0.18542960252992E+13   0.26611225110323E+13   0.34193620906942E+13   0.40995588993590E+13   0.47044250460854E+13   0.52522742961248E+13   0.57507786709968E+13   0.62043606139654E+13   0.66194337866777E+13   0.70189641508988E+13   0.74092447789547E+13   0.77736961395258E+13   0.81116573567616E+13
  385.0000000   0.48284184130733E+10   0.83013949482690E+11   0.40080942783046E+12   0.96846311389442E+12   0.16660863885256E+13   0.23777308144139E+13   0.30370609501815E+13   0.36217483397428E+13   0.41375233398442E+13   0.46028295789543E+13   0.50253690057501E+13   0.54088287842794E+13   0.57592979051427E+13   0.60976462134370E+13   0.64293348740534E+13   0.67390335353680E+13   0.70260612036723E+13
  390.0000000   0.58206455584910E+10   0.99394513415006E+11   0.48073730475317E+12   0.11603734031746E+13   0.19880235814372E+13   0.28202401731842E+13   0.35812443520076E+13   0.42492449136260E+13   0.48345617502740E+13   0.53611263987148E+13   0.58387897515505E+13   0.62714711394918E+13   0.66667006384756E+13   0.70496248842061E+13   0.74265111955829E+13   0.77785045847554E+13   0.81046698638150E+13
  395.0000000   0.55019342046441E+10   0.93366413084662E+11   0.45225688055366E+12   0.10901281484899E+13   0.18591555967318E+13   0.26210728204386E+13   0.33088798350194E+13   0.39068136163801E+13   0.44274640170454E+13   0.48947712747572E+13   0.53184092903584E+13   0.57015504206293E+13   0.60514254201155E+13   0.63917171742704E+13   0.67280407885911E+13   0.70422794682997E+13   0.73334521625064E+13
  400.0000000   0.84717306730301E+10   0.14292172029155E+12   0.69309445663799E+12   0.16675774635717E+13   0.28294748333280E+13   0.39632872999806E+13   0.49739090480086E+13   0.58442719859325E+13   0.65977023157904E+13   0.72726680034246E+13   0.78843783019306E+13   0.84368733006194E+13   0.89413717599388E+13   0.94340690818596E+13   0.99231201030964E+13   0.10380301743085E+14   0.10803976471444E+14
  405.0000000   0.86273635789408E+10   0.14480199363359E+12   0.70311893565565E+12   0.16885083758804E+13   0.28496509835481E+13   0.39655815161431E+13   0.49481856689586E+13   0.57867276181983E+13   0.65084888388288E+13   0.71543410259972E+13   0.77399083522483E+13   0.82680772499963E+13   0.87501511897587E+13   0.92231424053802E+13   0.96950034911260E+13   0.10136147488473E+14   0.10544637799897E+14
  410.0000000   0.82205971119167E+10   0.13739014208807E+12   0.66825019232149E+12   0.16021244425736E+13   0.26892535180159E+13   0.37183952698646E+13   0.46140102691257E+13   0.53717432685006E+13   0.60205276656323E+13   0.66006743709869E+13   0.71271537317979E+13   0.76014506455521E+13   0.80342151070588E+13   0.84609032895850E+13   0.88887892186243E+13   0.92888631186653E+13   0.96590330035842E+13
  415.0000000   0.89031879490010E+10   0.14816447782561E+12   0.72125490132748E+12   0.17246460280310E+13   0.28771150896317E+13   0.39514065461576E+13   0.48755920401450E+13   0.56509934806833E+13   0.63115982529032E+13   0.69021613983995E+13   0.74387926715387E+13   0.79217168284513E+13   0.83622506295378E+13   0.87988356669090E+13   0.92390084712834E+13   0.96506254645185E+13   0.10031176263182E+14
  420.0000000   0.87608351690510E+10   0.14528298342647E+12   0.70802337971085E+12   0.16887194914945E+13   0.27996813446434E+13   0.38196676871446E+13   0.46875041004531E+13   0.54098863003612E+13   0.60225128482315E+13   0.65702503248999E+13   0.70688270238552E+13   0.75170896129946E+13   0.79259415284282E+13   0.83332890506293E+13   0.87462471324113E+13   0.91324764885109E+13   0.94892776456590E+13
  425.0000000   0.88474279015741E+10   0.14643888499543E+12   0.71567235866680E+12   0.17048381799290E+13   0.28107112679035E+13   0.38115151046356E+13   0.46544160465062E+13   0.53509285967304E+13   0.59391683450986E+13   0.64654439665737E+13   0.69454644657241E+13   0.73767058302029E+13   0.77699959178865E+13   0.81639588230343E+13   0.85655567803348E+13   0.89412296941883E+13   0.92880145506058E+13
  430.0000000   0.70542298733522E+10   0.11635787043277E+12   0.56848110353344E+12   0.13484899721005E+13   0.22069068768577E+13   0.29719429684812E+13   0.36096252766107E+13   0.41326960427724E+13   0.45726629504521E+13   0.49666892302946E+13   0.53269482153048E+13   0.56503766575097E+13   0.59453304047384E+13   0.62424773557418E+13   0.65471291158152E+13   0.68321764095411E+13   0.70951062732401E+13
  435.0000000   0.86463977297886E+10   0.14238484297524E+12   0.69685080644652E+12   0.16485802797611E+13   0.26806214912883E+13   0.35873506367193E+13   0.43360477813399E+13   0.49460658636187E+13   0.54573117520480E+13   0.59158354173273E+13   0.63362054139378E+13   0.67133886188132E+13   0.70573614094751E+13   0.74058724132416E+13   0.77652289111594E+13   0.81015426968977E+13   0.84115377914076E+13
  440.0000000   0.94303364144379E+10   0.15535470167157E+12   0.76359514530555E+12   0.18049550793779E+13   0.29190787794905E+13   0.38852842574817E+13   0.46764161329167E+13   0.53171514096294E+13   0.58524031876494E+13   0.63333429029083E+13   0.67755799660358E+13   0.71722065999825E+13   0.75339104648195E+13   0.79024517485301E+13   0.82845939990295E+13   0.86423293347291E+13   0.89718468828223E+13
  445.0000000   0.10076531975769E+11   0.16584769879480E+12   0.81622638085341E+12   0.19224692912111E+13   0.30881207439160E+13   0.40856848405941E+13   0.48958325155390E+13   0.55481502066379E+13   0.60914638242541E+13   0.65807355945241E+13   0.70321422838204E+13   0.74368683961740E+13   0.78059800276803E+13   0.81842624210645E+13   0.85787609663644E+13   0.89481885455639E+13   0.92882660429798E+13
  450.0000000   0.10847141314296E+11   0.17849151850970E+12   0.88027217424306E+12   0.20667263659949E+13   0.32975496130750E+13   0.43368824065299E+13   0.51740932704534E+13   0.58442711992708E+13   0.64008158295761E+13   0.69032234820665E+13   0.73683933420280E+13   0.77853276729115E+13   0.81655716995273E+13   0.85575515600597E+13   0.89686902718408E+13   0.93538327414442E+13   0.97081620144685E+13
  455.0000000   0.10769451416624E+11   0.17713542419250E+12   0.87437469537490E+12   0.20441048538810E+13   0.32380947899938E+13   0.42329962709084E+13   0.50280126040973E+13   0.56609676452549E+13   0.61854777055096E+13   0.66603201891761E+13   0.71013319576773E+13   0.74963292264265E+13   0.78567997509214E+13   0.82309824978413E+13   0.86257501015053E+13   0.89954399814015E+13   0.93351604753166E+13
  460.0000000   0.10169132016261E+11   0.16863590642048E+12   0.84443349137269E+12   0.19857440865491E+13   0.31418829233554E+13   0.40977489402550E+13   0.48579283049647E+13   0.54610890054808E+13   0.59603747802057E+13   0.64136540835790E+13   0.68357961988853E+13   0.72136237473347E+13   0.75586291112501E+13   0.79189175574094E+13   0.83009044147250E+13   0.86584866061563E+13   0.89867224345646E+13
  465.0000000   0.10212140414866E+11   0.16887536824190E+12   0.84189356569237E+12   0.19624728631323E+13   0.30763003968007E+13   0.39845472885131E+13   0.47011841418499E+13   0.52668502180412E+13   0.57343099779655E+13   0.61602144170937E+13   0.65582451921496E+13   0.69142568777398E+13   0.72396306061864E+13   0.75819645473960E+13   0.79470994622177E+13   0.82887903266315E+13   0.86020807322525E+13
  470.0000000   0.98378768537758E+10   0.16321331077535E+12   0.81717621850835E+12   0.19011629899344E+13   0.29660073480948E+13   0.38266937598074E+13   0.45025138252603E+13   0.50342201369556E+13   0.54733404879637E+13   0.58748633932681E+13   0.62513061057729E+13   0.65878148448299E+13   0.68956424698330E+13   0.72216788451873E+13   0.75712452071239E+13   0.78982510390501E+13   0.81977677661092E+13
  475.0000000   0.10228630601761E+11   0.16981322934876E+12   0.84892428127583E+12   0.19645329158974E+13   0.30496373435455E+13   0.39215076596761E+13   0.46042712129210E+13   0.51405073000061E+13   0.55835577904063E+13   0.59903304797200E+13   0.63729725003068E+13   0.67149441700236E+13   0.70281355019343E+13   0.73620090875258E+13   0.77217518692893E+13   0.80581990324173E+13   0.83661028889974E+13
  480.0000000   0.91849306512736E+10   0.15541430678044E+12   0.79953364349824E+12   0.18794740636285E+13   0.29311813822049E+13   0.37746588242256E+13   0.44342926308081E+13   0.49516748062651E+13   0.53792054834718E+13   0.57727446187759E+13   0.61436635631300E+13   0.64748437960427E+13   0.67783212682871E+13   0.71034335261132E+13   0.74550098386931E+13   0.77836404469608E+13   0.80840983414970E+13
  485.0000000   0.85768133081743E+10   0.14566678287506E+12   0.75257030256967E+12   0.17610495375637E+13   0.27237361444629E+13   0.34843479580779E+13   0.40740356751811E+13   0.45339134992409E+13   0.49132776980790E+13   0.52638257139003E+13   0.55953093271361E+13   0.58909167005387E+13   0.61620510031367E+13   0.64547971391440E+13   0.67731969115528E+13   0.70706359189506E+13   0.73422388509070E+13
  490.0000000   0.90104728904362E+10   0.15322214120073E+12   0.79049351823833E+12   0.18368840917238E+13   0.28199840798209E+13   0.35886285041087E+13   0.41812588702049E+13   0.46418024434125E+13   0.50216157657398E+13   0.53741139461918E+13   0.57085686085410E+13   0.60066007050827E+13   0.62803060899581E+13   0.65780217602840E+13   0.69035379176372E+13   0.72074954015980E+13   0.74847829885368E+13
  495.0000000   0.88700186726616E+10   0.15164678618610E+12   0.78550305790492E+12   0.18201320610316E+13   0.27811573680387E+13   0.35269018006642E+13   0.40996465183101E+13   0.45436272683609E+13   0.49098769418974E+13   0.52511951128432E+13   0.55760073790094E+13   0.58652256369833E+13   0.61311735110629E+13   0.64224175137297E+13   0.67423518251042E+13   0.70409699482306E+13   0.73131534950442E+13
  500.0000000   0.75323154117019E+10   0.13161711408194E+12   0.70061405678902E+12   0.16474239621297E+13   0.25314185305784E+13   0.32188384154840E+13   0.37473517783275E+13   0.41572221913042E+13   0.44957435303821E+13   0.48120051575395E+13   0.51133812530906E+13   0.53814972960427E+13   0.56282524504494E+13   0.58996286636725E+13   0.61985597908871E+13   0.64774480119038E+13   0.67314881264496E+13
  505.0000000   0.65601169741740E+10   0.11798460328580E+12   0.65042246807125E+12   0.15626355156972E+13   0.24253055304344E+13   0.31008111487267E+13   0.36221180335124E+13   0.40270697075881E+13   0.43618524255632E+13   0.46751364933917E+13   0.49740775630108E+13   0.52399388863803E+13   0.54846577100764E+13   0.57543422096432E+13   0.60518871958925E+13   0.63295318211521E+13   0.65825928514719E+13
  510.0000000   0.66228808402418E+10   0.11865130780726E+12   0.64625046942973E+12   0.15293345099659E+13   0.23473549106674E+13   0.29803513088172E+13   0.34660630014560E+13   0.38418926834389E+13   0.41524304696398E+13   0.44445145801829E+13   0.47244527481829E+13   0.49733758977453E+13   0.52027809428049E+13   0.54573636436300E+13   0.57396803010487E+13   0.60031955756277E+13   0.62434854691930E+13
  515.0000000   0.62353402255826E+10   0.11274423993948E+12   0.61746493552102E+12   0.14597495145128E+13   0.22346236397527E+13   0.28319220158559E+13   0.32895061402102E+13   0.36430415775304E+13   0.39352114760021E+13   0.42110451143185E+13   0.44762348412236E+13   0.47120090142592E+13   0.49294835456575E+13   0.51719904641542E+13   0.54418554059078E+13   0.56938389888750E+13   0.59237857033397E+13
  520.0000000   0.57894525497293E+10   0.10605680725648E+12   0.58642028928852E+12   0.13899078433620E+13   0.21271187971366E+13   0.26946481505797E+13   0.31293083117095E+13   0.34648965080577E+13   0.37423538028459E+13   0.40051508048511E+13   0.42584857767293E+13   0.44836993931842E+13   0.46915993149828E+13   0.49243694070120E+13   0.51841540645938E+13   0.54268321653199E+13   0.56485011473131E+13
  525.0000000   0.53250749367433E+10   0.10017480805201E+12   0.56831673632050E+12   0.13693339966919E+13   0.21132970878632E+13   0.26901823935205E+13   0.31337929648071E+13   0.34769313807711E+13   0.37609472291889E+13   0.40303581308580E+13   0.42903758923715E+13   0.45215234087829E+13   0.47349926908261E+13   0.49743886152195E+13   0.52418937996840E+13   0.54919164607373E+13   0.57205878863109E+13
  530.0000000   0.44705471453401E+10   0.86995395942016E+11   0.50999009435844E+12   0.12596271544619E+13   0.19716410832688E+13   0.25310744736477E+13   0.29643460463892E+13   0.33007601273788E+13   0.35796964039876E+13   0.38444009094641E+13   0.40999425893432E+13   0.43271448768534E+13   0.45370287224340E+13   0.47724083458551E+13   0.50354511367660E+13   0.52814649876009E+13   0.55068246434572E+13
  532.0000000   0.43004177838452E+10   0.84471810596587E+11   0.49879622249749E+12   0.12382338973756E+13   0.19434711309260E+13   0.24989725119769E+13   0.29298355949050E+13   0.32646047648048E+13   0.35423071822765E+13   0.38060199349379E+13   0.40607420095449E+13   0.42872314088619E+13   0.44965116985792E+13   0.47313807206813E+13   0.49939877270813E+13   0.52396638190483E+13   0.54648555527372E+13
  535.0000000   0.41993878807018E+10   0.82986047119400E+11   0.49023595287311E+12   0.12141772634438E+13   0.19015796986523E+13   0.24417962677572E+13   0.28604171407387E+13   0.31853802549541E+13   0.34549774394986E+13   0.37115243443027E+13   0.39597510255037E+13   0.41804741575528E+13   0.43845617239926E+13   0.46141962535018E+13   0.48714132639440E+13   0.51121487755504E+13   0.53330062198932E+13
  540.0000000   0.39787994543428E+10   0.79289844051847E+11   0.46758094877447E+12   0.11516838418489E+13   0.17957264352846E+13   0.22996905485810E+13   0.26895169677014E+13   0.29916434897261E+13   0.32423459333525E+13   0.34817756671581E+13   0.37141294033350E+13   0.39207688206451E+13   0.41120671195652E+13   0.43282587391271E+13   0.45711500993039E+13   0.47986572724547E+13   0.50077169215198E+13
  545.0000000   0.37722297305862E+10   0.76854090182191E+11   0.45928727112439E+12   0.11421693681078E+13   0.17905247552432E+13   0.23006007533557E+13   0.26963918302113E+13   0.30035847218200E+13   0.32587705347686E+13   0.35028969723215E+13   0.37401316164047E+13   0.39511816393827E+13   0.41467330471698E+13   0.43681128176703E+13   0.46171287022500E+13   0.48505880977145E+13   0.50655403692454E+13
  550.0000000   0.35882889307055E+10   0.74137051377309E+11   0.44466144008949E+12   0.11074912197814E+13   0.17372844278925E+13   0.22333441484250E+13   0.26186640357656E+13   0.29178016380634E+13   0.31665005933115E+13   0.34050287795130E+13   0.36373009469866E+13   0.38440256341751E+13   0.40357968932864E+13   0.42534940688785E+13   0.44988202045719E+13   0.47290578618903E+13   0.49414910412624E+13
