 *  SCIATRAN 2.1 (pseudo-spherical mode)
 *  Radiance (photons/s/nm/cm2/ster)
  340.0000000   0.36505021653941E+10   0.71368964583006E+11   0.34253790223792E+12   0.86117174127258E+12   0.15697684876339E+13   0.24084280070549E+13   0.33416231343213E+13   0.43476707705257E+13   0.54116575001173E+13   0.65266363432896E+13   0.76650138761584E+13   0.88558571318426E+13   0.10072289164932E+14   0.11330738685648E+14   0.12640323179444E+14   0.13971184860166E+14   0.15310061304444E+14
  345.0000000   0.37908752557534E+10   0.71113591288108E+11   0.33869477121084E+12   0.83546197636736E+12   0.14966714881848E+13   0.22667965654725E+13   0.31157141456233E+13   0.40255297091489E+13   0.49839974317953E+13   0.59861950090945E+13   0.70068713474401E+13   0.80748031331163E+13   0.91647673714475E+13   0.10293676711972E+14   0.11470875835702E+14   0.12667510511489E+14   0.13870887965928E+14
  347.0000000   0.41772315668545E+10   0.77239937052236E+11   0.36645650618901E+12   0.89756274276011E+12   0.15984523439808E+13   0.24105645996971E+13   0.33029584714808E+13   0.42573898346321E+13   0.52613980113872E+13   0.63103504943656E+13   0.73775807135570E+13   0.84942653127792E+13   0.96334973957803E+13   0.10813839770901E+14   0.12045573022698E+14   0.13297689214018E+14   0.14556547764257E+14
  350.0000000   0.45862652085176E+10   0.83680832117926E+11   0.39616098331554E+12   0.96600669508520E+12   0.17133709166023E+13   0.25757482650374E+13   0.35210630114432E+13   0.45305445238628E+13   0.55913926640155E+13   0.66993491704236E+13   0.78259043913889E+13   0.90053083327228E+13   0.10208362953935E+14   0.11455944785754E+14   0.12759674629942E+14   0.14085487688784E+14   0.15418331992638E+14
  355.0000000   0.54273367309600E+10   0.97586825131309E+11   0.46195155134305E+12   0.11253177697983E+13   0.19922392583152E+13   0.29893866335207E+13   0.40804410110703E+13   0.52443149888218E+13   0.64666284006049E+13   0.77434697142734E+13   0.90411490803263E+13   0.10401413200143E+14   0.11789097310018E+14   0.13230497744175E+14   0.14740354939998E+14   0.16277052885330E+14   0.17822208335579E+14
  360.0000000   0.49867184485855E+10   0.88515657367957E+11   0.41891503152672E+12   0.10185642209231E+13   0.17982985130492E+13   0.26923944586397E+13   0.36699337074913E+13   0.47129134786573E+13   0.58089209480670E+13   0.69553781850644E+13   0.81213230207213E+13   0.93460371895276E+13   0.10596696705136E+14   0.11899070120208E+14   0.13267667513885E+14   0.14662654103121E+14   0.16066162961554E+14
  365.0000000   0.58061473894076E+10   0.10171281454406E+12   0.48155914767595E+12   0.11702150836415E+13   0.20629229923316E+13   0.30832240169487E+13   0.41959262951122E+13   0.53805824750528E+13   0.66232185328195E+13   0.79219819499871E+13   0.92408744519668E+13   0.10626744610830E+14   0.12040818649716E+14   0.13514587196483E+14   0.15065884839298E+14   0.16647390480454E+14   0.18237870001815E+14
  370.0000000   0.66692145715061E+10   0.11550941357462E+12   0.54701462059559E+12   0.13280573059035E+13   0.23366224171317E+13   0.34862052337624E+13   0.47384494881190E+13   0.60708688505796E+13   0.74680870098094E+13   0.89290943493137E+13   0.10412383297098E+14   0.11972992695312E+14   0.13565788276093E+14   0.15228735988645E+14   0.16983030060135E+14   0.18772426568824E+14   0.20571907692182E+14
  375.0000000   0.55277920925318E+10   0.94758599613090E+11   0.44895256893451E+12   0.10890527898056E+13   0.19123836116645E+13   0.28486096610404E+13   0.38675936617913E+13   0.49514494091247E+13   0.60879046573552E+13   0.72769591525210E+13   0.84840340240486E+13   0.97557029821934E+13   0.11053926541889E+14   0.12411664661819E+14   0.13847344823159E+14   0.15313019746197E+14   0.16787268566820E+14
  380.0000000   0.64449953390698E+10   0.10941116356649E+12   0.51812770550677E+12   0.12539751912028E+13   0.21957092739176E+13   0.32646710024767E+13   0.44285394746345E+13   0.56675039795191E+13   0.69677726747715E+13   0.83302579843109E+13   0.97144362812798E+13   0.11175386509809E+14   0.12668109628107E+14   0.14232727345510E+14   0.15891514518395E+14   0.17586656738565E+14   0.19292268922529E+14
  385.0000000   0.59151571447242E+10   0.99511656881694E+11   0.47175701210500E+12   0.11416509480206E+13   0.19961507159188E+13   0.29638774110587E+13   0.40161857473598E+13   0.51351836738888E+13   0.63086058186194E+13   0.75381758058356E+13   0.87864930612217E+13   0.10105048710342E+14   0.11451853125621E+14   0.12865040361999E+14   0.14365667834803E+14   0.15899456119321E+14   0.17442318038962E+14
  390.0000000   0.72127047311231E+10   0.12032655418101E+12   0.57066947909047E+12   0.13792533338422E+13   0.24064282899186E+13   0.35678756952139E+13   0.48306046595635E+13   0.61734452050300E+13   0.75817928851508E+13   0.90586827526214E+13   0.10558201327848E+14   0.12144072304328E+14   0.13764313797091E+14   0.15466982306659E+14   0.17278461043483E+14   0.19130964448108E+14   0.20994591379124E+14
  395.0000000   0.68952849028717E+10   0.11411918180149E+12   0.54132111678320E+12   0.13061781029035E+13   0.22737434574779E+13   0.33664074470540E+13   0.45545046870653E+13   0.58182645277272E+13   0.71440472283016E+13   0.85355617296071E+13   0.99485461295623E+13   0.11444671953130E+14   0.12973700260703E+14   0.14583212931794E+14   0.16299133434276E+14   0.18055095207491E+14   0.19821952382265E+14
  400.0000000   0.10737512453570E+11   0.17634335611551E+12   0.83630816456826E+12   0.20136521802277E+13   0.34966288711425E+13   0.51696454527237E+13   0.69893522917382E+13   0.89255103423602E+13   0.10957290711464E+14   0.13091723266787E+14   0.15259433769406E+14   0.17557540036383E+14   0.19906996201843E+14   0.22384110353866E+14   0.25029947520467E+14   0.27738529948274E+14   0.30463504469597E+14
  405.0000000   0.11059300699965E+11   0.18034278552624E+12   0.85522605095346E+12   0.20547780542242E+13   0.35596243798345E+13   0.52561848511900E+13   0.71023019733092E+13   0.90672432693518E+13   0.11129910928566E+14   0.13298748502137E+14   0.15501883301041E+14   0.17840299176486E+14   0.20231734248202E+14   0.22756948500027E+14   0.25459090228239E+14   0.28226773962845E+14   0.31011559866892E+14
  410.0000000   0.10651425293942E+11   0.17260584598492E+12   0.81888453556222E+12   0.19638004570523E+13   0.33951675969112E+13   0.50087015964722E+13   0.67658115973886E+13   0.86370792554083E+13   0.10602331578226E+14   0.12670728493237E+14   0.14772383958657E+14   0.17005666721200E+14   0.19290346997681E+14   0.21706266223833E+14   0.24295589995858E+14   0.26948489131971E+14   0.29617581356058E+14
  415.0000000   0.11663047381013E+11   0.18777645214515E+12   0.89037382277777E+12   0.21292045462042E+13   0.36722739298430E+13   0.54116948445609E+13   0.73073921252525E+13   0.93273283499672E+13   0.11449673918853E+14   0.13685524245155E+14   0.15957891953448E+14   0.18375216297082E+14   0.20848912169749E+14   0.23468253535827E+14   0.26279913993102E+14   0.29161564983248E+14   0.32060937024702E+14
  420.0000000   0.11600488555338E+11   0.18568800605364E+12   0.88029784416350E+12   0.20995832852365E+13   0.36135926974290E+13   0.53209599453650E+13   0.71835072350692E+13   0.91693891630038E+13   0.11257031964473E+14   0.13458354886541E+14   0.15696258055533E+14   0.18079432812351E+14   0.20518890819485E+14   0.23105361174555E+14   0.25886010353130E+14   0.28737144296438E+14   0.31606115552219E+14
  425.0000000   0.11829742388621E+11   0.18858821471917E+12   0.89560697583738E+12   0.21336478120255E+13   0.36684460192442E+13   0.54013439820473E+13   0.72942999499107E+13   0.93142435776018E+13   0.11439023292809E+14   0.13681775647514E+14   0.15962413926950E+14   0.18393333955940E+14   0.20882367217880E+14   0.23524794597509E+14   0.26369220861350E+14   0.29285761855017E+14   0.32220246201574E+14
  430.0000000   0.95372241551738E+10   0.15112073762005E+12   0.71632509288123E+12   0.16995561782687E+13   0.29147050774958E+13   0.42875723971271E+13   0.57887776765594E+13   0.73916455921798E+13   0.90784967488399E+13   0.10860620957269E+14   0.12673366493907E+14   0.14607533836597E+14   0.16588535127829E+14   0.18694191864008E+14   0.20964164350541E+14   0.23293043020992E+14   0.25636804257337E+14
  435.0000000   0.11808419976217E+11   0.18634377696933E+12   0.88366580537731E+12   0.20918307385276E+13   0.35828921846783E+13   0.52699141813722E+13   0.71171647908384E+13   0.90910280020069E+13   0.11169482261527E+14   0.13367396703536E+14   0.15603808353951E+14   0.17992316308010E+14   0.20439528072569E+14   0.23043990892909E+14   0.25855438437906E+14   0.28740645786811E+14   0.31644293882846E+14
  440.0000000   0.12994937179273E+11   0.20470666312709E+12   0.97390604981431E+12   0.23051480179127E+13   0.39488941072245E+13   0.58128729558783E+13   0.78574341561220E+13   0.10044282793356E+14   0.12348565207130E+14   0.14787659013835E+14   0.17270252997156E+14   0.19923936265512E+14   0.22643686707815E+14   0.25541443227711E+14   0.28673183939061E+14   0.31888048943643E+14   0.35124173298533E+14
  445.0000000   0.14015691884300E+11   0.22002401713857E+12   0.10465838443664E+13   0.24706660913752E+13   0.42284969662169E+13   0.62261950187612E+13   0.84212244555875E+13   0.10771363661224E+14   0.13249542971328E+14   0.15875365067273E+14   0.18549052968193E+14   0.21409618415563E+14   0.24342534645642E+14   0.27470881812082E+14   0.30855320474639E+14   0.34329580785788E+14   0.37825962139618E+14
  450.0000000   0.15235245242694E+11   0.23850196268398E+12   0.11350437625899E+13   0.26741286705022E+13   0.45739658817567E+13   0.67372037481203E+13   0.91174317889644E+13   0.11667629440563E+14   0.14358042087781E+14   0.17211082446691E+14   0.20116979837717E+14   0.23228452545788E+14   0.26419136479208E+14   0.29825462415520E+14   0.33514504269152E+14   0.37302481860599E+14   0.41115030274107E+14
  455.0000000   0.15271342095791E+11   0.23833104592745E+12   0.11332423832859E+13   0.26624688491502E+13   0.45504691016655E+13   0.67046459899271E+13   0.90782823563558E+13   0.11623297867414E+14   0.14309710689351E+14   0.17160782662442E+14   0.20065152545031E+14   0.23177212285183E+14   0.26369462445120E+14   0.29780807796604E+14   0.33478354803019E+14   0.37274724937260E+14   0.41095168964413E+14
  460.0000000   0.14491017798119E+11   0.22787996264473E+12   0.10988351236039E+13   0.26025802357861E+13   0.44725978187215E+13   0.66167813717792E+13   0.89860531206860E+13   0.11530360731777E+14   0.14218869216118E+14   0.17075235347492E+14   0.19986652025090E+14   0.23108656932803E+14   0.26312486102463E+14   0.29739408086267E+14   0.33457330488730E+14   0.37275964314377E+14   0.41119747313677E+14
  465.0000000   0.14706946561541E+11   0.22985328358241E+12   0.11005297893999E+13   0.25894958742747E+13   0.44391728041451E+13   0.65633904609570E+13   0.89133802264680E+13   0.11438461645730E+14   0.14107772362423E+14   0.16945677097866E+14   0.19838580076161E+14   0.22942795423253E+14   0.26128961153909E+14   0.29539866106366E+14   0.33243734800358E+14   0.37048883813548E+14   0.40879982025781E+14
  470.0000000   0.14259320737811E+11   0.22317810039399E+12   0.10715226970408E+13   0.25236836907923E+13   0.43361284513793E+13   0.64265639292641E+13   0.87452491909917E+13   0.11240335996377E+14   0.13880704186598E+14   0.16690899360017E+14   0.19557162662029E+14   0.22635138376786E+14   0.25795574578592E+14   0.29181687389904E+14   0.32861319434645E+14   0.36641964153552E+14   0.40448682068441E+14
  475.0000000   0.14896457273494E+11   0.23282867875201E+12   0.11146427545362E+13   0.26201262327907E+13   0.45107262312954E+13   0.67050216229363E+13   0.91487385083050E+13   0.11785039630332E+14   0.14579899090132E+14   0.17559324951639E+14   0.20601546027905E+14   0.23872240703132E+14   0.27233682490775E+14   0.30839541708342E+14   0.34761810801294E+14   0.38793229067948E+14   0.42853695480224E+14
  480.0000000   0.13383934382260E+11   0.21362897767136E+12   0.10526156718436E+13   0.25235494923216E+13   0.43975834966196E+13   0.65878758190989E+13   0.90354679189915E+13   0.11680673549824E+14   0.14488144511443E+14   0.17483973512087E+14   0.20544901495091E+14   0.23837476254965E+14   0.27222521799977E+14   0.30855654647852E+14   0.34809430384257E+14   0.38873620454630E+14   0.42967581156437E+14
  485.0000000   0.12653277758068E+11   0.20220055291574E+12   0.99636194315343E+12   0.23873777034727E+13   0.41580327777949E+13   0.62257069361462E+13   0.85340424701619E+13   0.11026351492990E+14   0.13669666463629E+14   0.16489702310669E+14   0.19369126679142E+14   0.22466869128912E+14   0.25650836968184E+14   0.29069490427383E+14   0.32791264123944E+14   0.36615902325502E+14   0.40467225333011E+14
  490.0000000   0.13412872793565E+11   0.21404485465956E+12   0.10496495883861E+13   0.25090466478188E+13   0.43708023226080E+13   0.65497834795227E+13   0.89852979206452E+13   0.11616292258362E+14   0.14407644560742E+14   0.17387194291935E+14   0.20429732691367E+14   0.23704531208607E+14   0.27071048088468E+14   0.30688221253008E+14   0.34629130339323E+14   0.38680373928647E+14   0.42761341402131E+14
  495.0000000   0.13291884876430E+11   0.21293445242568E+12   0.10452310572869E+13   0.25044873363111E+13   0.43760852207857E+13   0.65744254594966E+13   0.90361712354403E+13   0.11698118906188E+14   0.14524186044196E+14   0.17542892936098E+14   0.20626356577776E+14   0.23947174625783E+14   0.27362094043682E+14   0.31033349149020E+14   0.35034865690830E+14   0.39148156780605E+14   0.43291041677484E+14
  500.0000000   0.11271737414604E+11   0.18511051656875E+12   0.93276020620220E+12   0.22820893834020E+13   0.40415796063704E+13   0.61252195477789E+13   0.84681224579039E+13   0.11007446791441E+14   0.13707347011541E+14   0.16594428017425E+14   0.19545605039398E+14   0.22725511286788E+14   0.25997075048053E+14   0.29516045923844E+14   0.33352829439430E+14   0.37297097362329E+14   0.41270631845149E+14
  505.0000000   0.97702563027663E+10   0.16599178688800E+12   0.86581560808444E+12   0.21793371374510E+13   0.39294100646195E+13   0.60235360277032E+13   0.83905532650920E+13   0.10963674191471E+14   0.13704719692500E+14   0.16639633584824E+14   0.19642895195091E+14   0.22880993121067E+14   0.26214716827112E+14   0.29802456453589E+14   0.33715774922443E+14   0.37740349316334E+14   0.41796695619321E+14
  510.0000000   0.99751313710410E+10   0.16813184137127E+12   0.86182229955526E+12   0.21507200874350E+13   0.38653724726601E+13   0.59179894743290E+13   0.82385644972688E+13   0.10761139845024E+14   0.13448445205582E+14   0.16326705735143E+14   0.19271564880952E+14   0.22447956335994E+14   0.25718464269489E+14   0.29239986284839E+14   0.33082710505170E+14   0.37034469932522E+14   0.41017255046194E+14
  515.0000000   0.94345639557822E+10   0.16045371461917E+12   0.82386430842673E+12   0.20692276975505E+13   0.37387622480890E+13   0.57459724762536E+13   0.80200778774270E+13   0.10494968333892E+14   0.13133462926623E+14   0.15961303727566E+14   0.18855428559351E+14   0.21978434252450E+14   0.25194809376565E+14   0.28659533865215E+14   0.32441455313072E+14   0.36330699623124E+14   0.40250796984233E+14
  520.0000000   0.87837243550191E+10   0.15148021414640E+12   0.78245253297168E+12   0.19860605731476E+13   0.36161937170318E+13   0.55865593554694E+13   0.78248650599079E+13   0.10264366272974E+14   0.12867640168040E+14   0.15659849089662E+14   0.18518801458766E+14   0.21605459390125E+14   0.24785721427223E+14   0.28212994516869E+14   0.31955084501046E+14   0.35803936409930E+14   0.39684170486250E+14
  525.0000000   0.80445312800323E+10   0.14317329636667E+12   0.75732576970430E+12   0.19712715615196E+13   0.36484016234046E+13   0.56954764603646E+13   0.80324932791178E+13   0.10586776695374E+14   0.13317372787272E+14   0.16249516626701E+14   0.19254334881987E+14   0.22499979503380E+14   0.25846005695061E+14   0.29453857115501E+14   0.33394851629329E+14   0.37450173444189E+14   0.41541056360761E+14
  530.0000000   0.66894938016338E+10   0.12408581732218E+12   0.67797275561816E+12   0.18255474646876E+13   0.34539334802959E+13   0.54679817854827E+13   0.77831024297129E+13   0.10323637060078E+14   0.13046516206109E+14   0.15975253815683E+14   0.18981045670116E+14   0.22230293863384E+14   0.25582970232130E+14   0.29199493607080E+14   0.33150809996446E+14   0.37218220765478E+14   0.41322718254484E+14
  532.0000000   0.64253516574967E+10   0.12052101617719E+12   0.66262652077110E+12   0.18000241936927E+13   0.34258537491521E+13   0.54442268089239E+13   0.77687189404550E+13   0.10322314641358E+14   0.13061132615286E+14   0.16008411301215E+14   0.19034273005922E+14   0.22305927352294E+14   0.25682538862037E+14   0.29325422639903E+14   0.33305719066511E+14   0.37403204186540E+14   0.41538638450556E+14
  535.0000000   0.62941982965349E+10   0.11878815531127E+12   0.65105134193091E+12   0.17749166097148E+13   0.33869730737879E+13   0.53919932272178E+13   0.77030516863536E+13   0.10242918604593E+14   0.12967744189637E+14   0.15900663577334E+14   0.18911872220083E+14   0.22168263055498E+14   0.25529487340212E+14   0.29156341268028E+14   0.33119331030532E+14   0.37198797534552E+14   0.41316264866003E+14
  540.0000000   0.59987483020730E+10   0.11415096585862E+12   0.62064505690654E+12   0.16998550635488E+13   0.32550440496620E+13   0.51943535644543E+13   0.74322686383926E+13   0.98931250749437E+13   0.12534114117689E+14   0.15377699985888E+14   0.18297260010956E+14   0.21455571075678E+14   0.24716254103985E+14   0.28235921224585E+14   0.32082878074422E+14   0.36043174671849E+14   0.40040615445603E+14
  545.0000000   0.56719699316257E+10   0.11083119863592E+12   0.60834493032576E+12   0.17002629915848E+13   0.32992749817104E+13   0.53095330184231E+13   0.76389537112548E+13   0.10206419769036E+14   0.12965911958045E+14   0.15939997074196E+14   0.18995724834584E+14   0.22302929418959E+14   0.25719023188929E+14   0.29407615836283E+14   0.33439822111190E+14   0.37591603081445E+14   0.41783714176837E+14
  550.0000000   0.54006066007089E+10   0.10723720713919E+12   0.58800959082709E+12   0.16636484573415E+13   0.32555058270061E+13   0.52679736997108E+13   0.76065143286270E+13   0.10188109070342E+14   0.12965663673812E+14   0.15961378729616E+14   0.19040686943497E+14   0.22374907353751E+14   0.25820281624531E+14   0.29541653030509E+14   0.33610480262582E+14   0.37800820647896E+14   0.42033028211370E+14
