 *  SCIATRAN 2.1 (pseudo-spherical mode)
 *  Radiance (photons/s/nm/cm2/ster)
  340.0000000   0.28020407612715E+10   0.54824465476614E+11   0.26364556577491E+12   0.66512335848098E+12   0.12168587926944E+13   0.18876046549607E+13   0.26477481389828E+13   0.34882190542459E+13   0.44015012970704E+13   0.53812641110525E+13   0.64051029482413E+13   0.74965053774153E+13   0.86353528890599E+13   0.98155250687038E+13   0.11030728692532E+14   0.12274561879960E+14   0.13540689821205E+14
  345.0000000   0.29142992931657E+10   0.54715008865654E+11   0.26111637542088E+12   0.64641016183203E+12   0.11618238724667E+13   0.17824796356729E+13   0.24791164986705E+13   0.32460361144066E+13   0.40772099730577E+13   0.49672814716421E+13   0.58951811612356E+13   0.68843846062222E+13   0.79158323520094E+13   0.89841069686286E+13   0.10083612014832E+14   0.11208648787251E+14   0.12353582889778E+14
  347.0000000   0.32169283547889E+10   0.59533334418361E+11   0.28302402378719E+12   0.69575133418516E+12   0.12429165289751E+13   0.19005353614621E+13   0.26361221160226E+13   0.34446884928172E+13   0.43200530549629E+13   0.52566674016515E+13   0.62319965127380E+13   0.72716105514964E+13   0.83551202792875E+13   0.94768866191239E+13   0.10631078910987E+14   0.11811761241628E+14   0.13013068695012E+14
  350.0000000   0.35349395311827E+10   0.64554258636682E+11   0.30625149903301E+12   0.74961461756949E+12   0.13332761637603E+13   0.20352649528060E+13   0.28180341304970E+13   0.36778359504705E+13   0.46083171126823E+13   0.56036618641615E+13   0.66393977958942E+13   0.77438571002861E+13   0.88948579926714E+13   0.10086439709406E+14   0.11312432097252E+14   0.12566557259056E+14   0.13842618211048E+14
  355.0000000   0.41842097457813E+10   0.75302936944514E+11   0.35725401439696E+12   0.87384500138526E+12   0.15502155404527E+13   0.23684744890913E+13   0.32776081715510E+13   0.42763384108798E+13   0.53574976861441E+13   0.65143783052660E+13   0.77174265985703E+13   0.90016606071880E+13   0.10340290423933E+14   0.11726389580263E+14   0.13152782478377E+14   0.14612180403405E+14   0.16097401323666E+14
  360.0000000   0.38308576521490E+10   0.68063166943530E+11   0.32286641597985E+12   0.78842972954816E+12   0.13933361915190E+13   0.21295301775396E+13   0.29450354098973E+13   0.38424272419915E+13   0.48158626253709E+13   0.58595161081142E+13   0.69457661306706E+13   0.81079505472957E+13   0.93209569627522E+13   0.10578430258554E+14   0.11873777483837E+14   0.13200313169072E+14   0.14551457343979E+14
  365.0000000   0.44869175595278E+10   0.78680578140254E+11   0.37343230276301E+12   0.91177110207435E+12   0.16066546293601E+13   0.24622326346694E+13   0.34035205276021E+13   0.44376512540641E+13   0.55574499308313E+13   0.67560420785165E+13   0.80005180143561E+13   0.93313724581836E+13   0.10718813419267E+14   0.12155689713239E+14   0.13634584542934E+14   0.15147992779822E+14   0.16688544147539E+14
  370.0000000   0.51595058079849E+10   0.89454348193190E+11   0.42472915209051E+12   0.10364128056170E+13   0.18194003973215E+13   0.27954507069996E+13   0.38627466463895E+13   0.50355592604320E+13   0.63058509869211E+13   0.76657898025895E+13   0.90767965755068E+13   0.10587111613749E+14   0.12161800808625E+14   0.13792754378078E+14   0.15471556496122E+14   0.17189710009112E+14   0.18938886219210E+14
  375.0000000   0.42802837438959E+10   0.73452938986520E+11   0.34896475973134E+12   0.85108188549381E+12   0.14877494216939E+13   0.22932891482143E+13   0.31680364784679E+13   0.41296271736638E+13   0.51715574360559E+13   0.62873489358582E+13   0.74443518539968E+13   0.86839664943661E+13   0.99766182481983E+13   0.11315648262880E+14   0.12694144630701E+14   0.14105144601154E+14   0.15541833952491E+14
  380.0000000   0.49801012272546E+10   0.84637628447075E+11   0.40195842389699E+12   0.97825343270063E+12   0.17005774306838E+13   0.26288492077434E+13   0.36309246274260E+13   0.47345912488859E+13   0.59326578405017E+13   0.72176392668922E+13   0.85507822453053E+13   0.99816425211899E+13   0.11475065855926E+14   0.13023261437965E+14   0.14618147695905E+14   0.16251610033258E+14   0.17915720380597E+14
  385.0000000   0.45884396504864E+10   0.77282397396015E+11   0.36749511722515E+12   0.89461784471640E+12   0.15477757519185E+13   0.24059721632866E+13   0.33222441595147E+13   0.43303362813596E+13   0.54235256608058E+13   0.65948910225954E+13   0.78081577677374E+13   0.91104234866105E+13   0.10468790962493E+14   0.11876251684472E+14   0.13325528424456E+14   0.14809328006789E+14   0.16320537067515E+14
  390.0000000   0.56005062343975E+10   0.93544445351093E+11   0.44509000989354E+12   0.10823105366159E+13   0.18614048554831E+13   0.29091976355158E+13   0.40165306127379E+13   0.52353488476669E+13   0.65574781538514E+13   0.79744593376218E+13   0.94412664555819E+13   0.11016966431086E+14   0.12660695640028E+14   0.14363969105784E+14   0.16117975877486E+14   0.17913909411789E+14   0.19743194297765E+14
  395.0000000   0.53587183361465E+10   0.88800255087586E+11   0.42267538377235E+12   0.10261747189203E+13   0.17532633839841E+13   0.27568966980683E+13   0.38058988661082E+13   0.49611382956865E+13   0.62148384514931E+13   0.75588894114245E+13   0.89495235294364E+13   0.10444667453900E+14   0.12004574685676E+14   0.13621183155282E+14   0.15286121961282E+14   0.16991046093664E+14   0.18727839848405E+14
  400.0000000   0.83515516918124E+10   0.13733740067976E+12   0.65372598068080E+12   0.15835762992722E+13   0.26858982645794E+13   0.42521327855783E+13   0.58694116032872E+13   0.76514199972120E+13   0.95860957751452E+13   0.11660807017502E+14   0.13806341411769E+14   0.16115023260544E+14   0.18523998662723E+14   0.21020798713082E+14   0.23592477078712E+14   0.26226163431320E+14   0.28909358539313E+14
  405.0000000   0.86118458209358E+10   0.14062213600350E+12   0.66951402646055E+12   0.16178947105956E+13   0.27230409363803E+13   0.43441949993779E+13   0.59963021792772E+13   0.78176484093075E+13   0.97957916418390E+13   0.11917658979619E+14   0.14110926333045E+14   0.16472786015985E+14   0.18937507858449E+14   0.21492319277545E+14   0.24123961828249E+14   0.26819292410254E+14   0.29565563209723E+14
  410.0000000   0.82994226246587E+10   0.13467983259667E+12   0.64171481167149E+12   0.15470478903726E+13   0.25834169356101E+13   0.41573753520524E+13   0.57393214209333E+13   0.74844202107940E+13   0.93805837357048E+13   0.11415115485186E+14   0.13517244045710E+14   0.15782681732163E+14   0.18147063471041E+14   0.20598110261972E+14   0.23123080025042E+14   0.25709377880911E+14   0.28344802711095E+14
  415.0000000   0.90947212339335E+10   0.14663774521100E+12   0.69859451609587E+12   0.16781042702142E+13   0.27779203099648E+13   0.45119061466941E+13   0.62289697347273E+13   0.81241999971039E+13   0.10184304707704E+14   0.12395311771194E+14   0.14678823233054E+14   0.17141507912824E+14   0.19712008008257E+14   0.22376949961654E+14   0.25122461447925E+14   0.27934870001108E+14   0.30800945986002E+14
  420.0000000   0.90531711507742E+10   0.14512997775122E+12   0.69161475449287E+12   0.16551656358345E+13   0.27158014348821E+13   0.44563071355119E+13   0.61533143848673E+13   0.80275630088928E+13   0.10065719372837E+14   0.12253711809677E+14   0.14512611852580E+14   0.16950448928306E+14   0.19495272864694E+14   0.22133817079271E+14   0.24852328371697E+14   0.27637291493009E+14   0.30475640078199E+14
  425.0000000   0.92349497588188E+10   0.14745080686662E+12   0.70432405905928E+12   0.16812069973374E+13   0.27359929578143E+13   0.45417935055747E+13   0.62751796426410E+13   0.81910285796422E+13   0.10275443171474E+14   0.12513813275895E+14   0.14824014909221E+14   0.17318924458020E+14   0.19923642759708E+14   0.22624550478094E+14   0.25407537206981E+14   0.28258777707979E+14   0.31164922345067E+14
  430.0000000   0.74532699691657E+10   0.11828909025948E+12   0.56435556082921E+12   0.13391029573417E+13   0.21574138356687E+13   0.36226254701617E+13   0.50054371061919E+13   0.65346073832911E+13   0.81988873195412E+13   0.99864759141500E+13   0.11830729843587E+14   0.13823685473015E+14   0.15904515892534E+14   0.18062324164954E+14   0.20285829303436E+14   0.22564010777655E+14   0.24886231396784E+14
  435.0000000   0.92354031419919E+10   0.14598283761069E+12   0.69736284854421E+12   0.16471608850695E+13   0.26295547499739E+13   0.44727889973528E+13   0.61834021571021E+13   0.80763372554150E+13   0.10137403406178E+14   0.12351783924483E+14   0.14635684940647E+14   0.17105261981267E+14   0.19683991874971E+14   0.22358336931025E+14   0.25114293732020E+14   0.27938222280205E+14   0.30816964273764E+14
  440.0000000   0.10168324428800E+11   0.16045889657542E+12   0.76977444350883E+12   0.18129325464591E+13   0.28710995829362E+13   0.49544653850097E+13   0.68566902275188E+13   0.89634601791306E+13   0.11258549606809E+14   0.13725245170149E+14   0.16268887029607E+14   0.19021014125281E+14   0.21895167542572E+14   0.24876206865628E+14   0.27948489390542E+14   0.31096823923563E+14   0.34306564155600E+14
  445.0000000   0.10967605322573E+11   0.17248661120128E+12   0.82819635313255E+12   0.19390419061666E+13   0.30423447524783E+13   0.53250200465245E+13   0.73752876405853E+13   0.96481198083123E+13   0.12125618696746E+14   0.14789435046180E+14   0.17535955673687E+14   0.20509490291949E+14   0.23615367472733E+14   0.26837152065385E+14   0.30157883966540E+14   0.33561145248179E+14   0.37031115616095E+14
  450.0000000   0.11932676441145E+11   0.18715789549807E+12   0.90028301968185E+12   0.20954686354849E+13   0.32570396192348E+13   0.57896215342918E+13   0.80237504170383E+13   0.10501451935840E+14   0.13202894349509E+14   0.16107857876243E+14   0.19101979564582E+14   0.22345103302400E+14   0.25732658972682E+14   0.29246696328733E+14   0.32868708850256E+14   0.36580832341913E+14   0.40365856839385E+14
  455.0000000   0.11967959330465E+11   0.18715198582619E+12   0.90078262898808E+12   0.20815050362318E+13   0.32038904114246E+13   0.57860883332247E+13   0.80235367748931E+13   0.10506130248597E+14   0.13213668896906E+14   0.16125662031888E+14   0.19126138201548E+14   0.22377691955961E+14   0.25774208833628E+14   0.29297653293194E+14   0.32929448720393E+14   0.36651714216423E+14   0.40447227605298E+14
  460.0000000   0.11356582422242E+11   0.17897951140114E+12   0.87510371863304E+12   0.20285159393999E+13   0.31114854574404E+13   0.57317871759892E+13   0.79725340937327E+13   0.10462342145675E+14   0.13180198683673E+14   0.16105043587215E+14   0.19119234813657E+14   0.22387573976060E+14   0.25802468081281E+14   0.29345663072193E+14   0.32998396903425E+14   0.36742666843514E+14   0.40561132471325E+14
  465.0000000   0.11531207837279E+11   0.18063343305802E+12   0.87840991774980E+12   0.20114668862090E+13   0.30493679409264E+13   0.57065222922028E+13   0.79373468883239E+13   0.10417077246818E+14   0.13124531760382E+14   0.16038541225515E+14   0.19040629952928E+14   0.22297298731742E+14   0.25700101695628E+14   0.29230819012581E+14   0.32870746143638E+14   0.36601987649195E+14   0.40407303951518E+14
  470.0000000   0.11171473214563E+11   0.17527638964019E+12   0.85607562951087E+12   0.19507509456343E+13   0.29374664727539E+13   0.55976682026340E+13   0.78030371907193E+13   0.10258359985623E+14   0.12941985869338E+14   0.15832390184849E+14   0.18810871674084E+14   0.22044040931094E+14   0.25423298883934E+14   0.28930402079806E+14   0.32546667800599E+14   0.36254289617388E+14   0.40036117182771E+14
  475.0000000   0.11635742727734E+11   0.18231836802331E+12   0.88845865268708E+12   0.20101691676760E+13   0.30084995555193E+13   0.58241634311233E+13   0.81465870145418E+13   0.10741213463233E+14   0.13583784394992E+14   0.16650408251824E+14   0.19813696660130E+14   0.23251246355651E+14   0.26846770271884E+14   0.30580512429458E+14   0.34432327887335E+14   0.38383124857993E+14   0.42414523094967E+14
  480.0000000   0.10457405914451E+11   0.16739786054763E+12   0.84182135395178E+12   0.19280325125165E+13   0.28928950765344E+13   0.57495803550575E+13   0.80824415700902E+13   0.10692373453695E+14   0.13554038915669E+14   0.16642862841132E+14   0.19829788310520E+14   0.23294357907000E+14   0.26918858274829E+14   0.30683248241962E+14   0.34567135120034E+14   0.38551243085405E+14   0.42617010529084E+14
  485.0000000   0.99317226320096E+10   0.15923877976431E+12   0.80397012421332E+12   0.18216871888493E+13   0.27019793105934E+13   0.54933798802018E+13   0.77109879499912E+13   0.10186018676333E+14   0.12895034294838E+14   0.15815351383883E+14   0.18824311100407E+14   0.22094342486127E+14   0.25513206466357E+14   0.29062227349306E+14   0.32722377199489E+14   0.36475675112741E+14   0.40304782232210E+14
  490.0000000   0.10538693034535E+11   0.16878804175529E+12   0.85012971993384E+12   0.19046034404425E+13   0.27982511611344E+13   0.58029853968278E+13   0.81506463680083E+13   0.10771534302184E+14   0.13640561646314E+14   0.16733541903129E+14   0.19919593608777E+14   0.23383141626112E+14   0.27004336821303E+14   0.30763373751837E+14   0.34640104328141E+14   0.38615539681364E+14   0.42671352752152E+14
  495.0000000   0.10448969400996E+11   0.16805838785444E+12   0.84935355378869E+12   0.18895724626330E+13   0.27579999205018E+13   0.58443416060623E+13   0.82231479314099E+13   0.10880790752799E+14   0.13791334528353E+14   0.16929928823613E+14   0.20162863581161E+14   0.23678645119774E+14   0.27354817619894E+14   0.31171191264365E+14   0.35107262724796E+14   0.39143767261878E+14   0.43262102200097E+14
  500.0000000   0.88572515931727E+10   0.14612770411078E+12   0.76019869557061E+12   0.17097076098719E+13   0.25057356760032E+13   0.54595407010312E+13   0.77257368772456E+13   0.10263117508983E+14   0.13045727066718E+14   0.16049070591756E+14   0.19144584014803E+14   0.22512606963116E+14   0.26035595284941E+14   0.29693993726408E+14   0.33468005741105E+14   0.37339090904528E+14   0.41289340093365E+14
  505.0000000   0.76761020710216E+10   0.13111434721806E+12   0.70806146904105E+12   0.16212481032442E+13   0.23970191114919E+13   0.53849917072555E+13   0.76771768972576E+13   0.10251136039370E+14   0.13078995384569E+14   0.16134892115508E+14   0.19287500120710E+14   0.22719615268892E+14   0.26311477010469E+14   0.30042876583336E+14   0.33893432798179E+14   0.37844124263227E+14   0.41876572295195E+14
  510.0000000   0.78480829895615E+10   0.13303273764872E+12   0.70750970826382E+12   0.15881947343285E+13   0.23180242702928E+13   0.53072698439041E+13   0.75602733070614E+13   0.10089525395928E+14   0.12867662714187E+14   0.15869285108139E+14   0.18964544514126E+14   0.22334893946424E+14   0.25861768489887E+14   0.29525333884810E+14   0.33305609332143E+14   0.37183997444906E+14   0.41142508395649E+14
  515.0000000   0.74304774502464E+10   0.12715597619953E+12   0.67895820494439E+12   0.15159548550894E+13   0.22034869361029E+13   0.51681170647351E+13   0.73799002065828E+13   0.98651991089555E+13   0.12596573609894E+14   0.15548698773030E+14   0.18593213856017E+14   0.21909370551177E+14   0.25379990882167E+14   0.28985459630730E+14   0.32706057168267E+14   0.36523485128670E+14   0.40420031981930E+14
  520.0000000   0.69260756701821E+10   0.12025708332421E+12   0.64737351276265E+12   0.14430037906211E+13   0.20940910477665E+13   0.50390147809296E+13   0.72194998744475E+13   0.96728196361743E+13   0.12371176787071E+14   0.15289098231231E+14   0.18299135226813E+14   0.21578896784106E+14   0.25012119390291E+14   0.28579272287804E+14   0.32260767600993E+14   0.36038484722879E+14   0.39894871769712E+14
  525.0000000   0.63468747128451E+10   0.11381805528739E+12   0.62872112250505E+12   0.14195745220155E+13   0.20755102454666E+13   0.51481142236898E+13   0.74260942026831E+13   0.99963160294318E+13   0.12828207957896E+14   0.15894096627960E+14   0.19059608585217E+14   0.22510612862323E+14   0.26124837442604E+14   0.29881459724918E+14   0.33759671546700E+14   0.37740289942532E+14   0.41804725761124E+14
  530.0000000   0.52746234480796E+10   0.98666504892281E+11   0.56388815548076E+12   0.13017686549929E+13   0.19292907394882E+13   0.49452307678761E+13   0.72003280563156E+13   0.97553227019229E+13   0.12577827727148E+14   0.15638929201941E+14   0.18804028485034E+14   0.22257103016682E+14   0.25876159361872E+14   0.29639956266086E+14   0.33527356051482E+14   0.37518948286709E+14   0.41595927246751E+14
  532.0000000   0.50678243629438E+10   0.95886798474780E+11   0.55178498731123E+12   0.12785280341331E+13   0.18993908942028E+13   0.49266313472516E+13   0.71910074067848E+13   0.97592705156113E+13   0.12598329883949E+14   0.15678745747781E+14   0.18864872336053E+14   0.22341607119088E+14   0.25986118116579E+14   0.29776909886925E+14   0.33692619756161E+14   0.37713656846917E+14   0.41821037560974E+14
  535.0000000   0.49748942136733E+10   0.94742774000880E+11   0.54404322388299E+12   0.12537154905958E+13   0.18569111643755E+13   0.48907750756985E+13   0.71448826218798E+13   0.97019116119327E+13   0.12528729861389E+14   0.15595922549281E+14   0.18768117878790E+14   0.22229952843421E+14   0.25858817176969E+14   0.29633280940055E+14   0.33532068005834E+14   0.37535694828233E+14   0.41625268431332E+14
  540.0000000   0.47620975570241E+10   0.91486493651140E+11   0.52184221211702E+12   0.11896553604654E+13   0.17518279175193E+13   0.47312797065524E+13   0.69195696200665E+13   0.94023265227539E+13   0.12147144994244E+14   0.15125335317723E+14   0.18204966865778E+14   0.21566227998285E+14   0.25089573224882E+14   0.28754166686538E+14   0.32539353453489E+14   0.36426264797573E+14   0.40396582212050E+14
  545.0000000   0.45158896777709E+10   0.89138952170724E+11   0.51375291285106E+12   0.11778252342076E+13   0.17423138362591E+13   0.48477206912437E+13   0.71273550648205E+13   0.97194177015728E+13   0.12588947007006E+14   0.15705198229106E+14   0.18929692535736E+14   0.22450521202831E+14   0.26142431805031E+14   0.29983374654025E+14   0.33951554002142E+14   0.38027120097342E+14   0.42190793254716E+14
  550.0000000   0.43148976532143E+10   0.86569335196832E+11   0.49864492650776E+12   0.11403483967724E+13   0.16863846497573E+13   0.48203332914357E+13   0.71113540858471E+13   0.97200840128171E+13   0.12610579356482E+14   0.15751351365512E+14   0.19002347804230E+14   0.22553257453188E+14   0.26277527887876E+14   0.30152765718360E+14   0.34156884708939E+14   0.38269830194694E+14   0.42472110006418E+14
